101 1  60.05
202 2  67.06
101 1  60.11
202 1 294.89
102 2  37.11
612 1  19.29
201 1 346.48
201 1 434.61
102 1  95.02
101 1  42.95
202 1 323.79
202 1 132.42
202 2 417.85
102 1  58.25
202 1 140.13
202 2 213.64
101 2  37.11
201 2 195.49
101 1  46.93
202 2  92.74
201 2 100.25
202 2  93.35
101 1  43.13
201 1 436.56
202 2 312.19
201 1 172.04
101 2 113.93
201 1  68.71
201 1 322.56
101 2  92.64
202 1 417.07
201 1 186.08
612 1  11.11
201 1 180.14
201 2 208.61
102 2 113.93
201 1 420.53
102 1  29.41
201 1 337.08
612 2  18.41
202 1 212.79
201 2  88.57
102 1 116.25
102 1 108.41
102 2  79.56
101 2 100.36
201 2 231.18
202 1 328.07
612 1  29.94
101 1  39.38
612 1  17.75
101 1  81.53
612 1  46.65
201 2  75.34
202 1 345.94
101 1  80.88
102 1  39.86
201 1  60.57
102 1 103.81
102 1  64.91
202 2 135.71
202 2 269.90
102 1  54.14
612 1  14.62
101 1  77.93
102 1  61.45
201 1 169.86
612 2   5.91
102 2 118.48
612 1  24.15
102 2 101.96
201 1 295.24
102 1 108.96
612 2  18.97
202 1 169.61
201 2 151.62
612 1   5.76
201 2 377.54
101 1  20.29
201 1 388.65
202 2 203.94
201 2 273.66
101 1  44.52
612 2  15.47
202 1 359.10
201 1 112.66
202 1 208.80
102 1 106.50
101 1  67.36
102 2  45.57
201 2 130.56
201 1 196.19
201 1 260.56
612 2  37.60
202 1 251.85
201 2 313.67
102 2  44.06
612 1   8.97
202 1 124.24
612 1  26.74
